joint0 0 -3.33764 0.427011 0.322103 -1
joint1 1 -1.69859 -0.651201 -1.35687 0
joint2 2 -0.065045 -1.07977 -2.10467 1
joint3 3 1.29045 -1.36743 -3.00929 2
joint4 4 2.31578 -1.518 -3.91197 3
joint5 5 1.67591 -0.475674 -0.346099 0
joint6 6 3.39492 -0.480234 -0.210521 5
joint7 7 4.5607 -0.504607 -0.028806 6
joint8 8 5.50791 -0.517278 0.134383 7
joint9 9 1.51449 -0.293938 1.05303 0
joint10 10 3.06841 -0.34035 1.75323 9
joint11 11 4.30328 -0.556936 2.27968 10
joint12 12 5.28539 -0.685635 3.00219 11
joint13 13 0.766485 -0.409268 2.11481 0
joint14 14 2.20694 -0.719879 3.00721 13
joint15 15 3.30452 -0.924603 3.78098 14
joint16 16 4.22602 -1.11026 4.54725 15
joint17 17 0.071056 -0.571017 2.94832 0
joint18 18 0.873864 -0.814857 3.99546 17
joint19 19 1.49625 -0.969479 4.93955 18
joint20 20 1.95342 -1.09394 5.72388 19